-0.038289252
0.2632764
-0.87167934
-0.77180136
0.09247528
0.092157064
-0.72909863
-1.0229372
-0.47123761
1.2722455
0.30561948
-0.027225627
-0.25900185
-0.4736603
-0.51211833
0.40327339
-0.29665642
1.4105421
-0.068522202
0.92047267
0.2426464
-0.11767924
0.63721017
-0.46951496
-0.19535283
0.21495499
-0.086494793
0.94282777
0.89977788
0.12367597
1.2185613
0.90586793
1.9008445
1.2941625
-0.16802997
0.93776438
1.8745991
-0.83448302
4.8419832
0.33831448
-0.73324935
2.3000872
3.5984674
3.0285532
1.605207
-1.2798567
1.4663354
-0.24707836
-1.0323806
2.0189144
0.29455253
-0.45364651
0.96877488
0.13221603
0.33625572
1.3629517
2.9053244
1.8278801
0.68073558
2.7546425
2.9056173
1.1823982
0.98159523
0.38242332
1.659938
0.41590873
2.5925111
1.5806633
2.6075672
0.78126054
-1.4342296
0.090261312
2.5332349
1.2542474
1.6209682
0.054293016
1.3835903
2.1144879
-0.53401874
-0.61231072
0.40378103
-0.27677434
1.2502676
0.72365055
0.042795819
-0.73583611
0.56876266
-1.2087549
-0.44902274
0.43066342
0.16319293
-0.18768623
1.1521649
0.9733439
0.39997121
0.13890796
1.1752197
0.19814405
-0.74156087
1.658571
0.054056755
-0.27772801
0.62649829
-0.6135076
0.57182322
-0.30249407
-0.39009488
0.13490879
-0.069364021
-0.65597109
-0.29017496
0.99767777
-0.24297093
-0.83008314
0.42602015
-0.21763072
-0.84148364
0.33735147
0.80908566
-1.09996
0.67847328
0.79570553
-0.64611133
-0.0043633029
-0.97569609
-0.4047369
-0.40349902
-0.42591352
-0.45654672
-0.31840743
0.080491014
0.8205385
-0.13524335
