-0.031748088
0.1023027
-0.60880236
0.23497651
0.3973101
0.48120475
-0.43994538
-0.12226619
0.95521631
1.6684679
1.1119097
-0.77113513
0.49345515
0.95120562
0.51615284
-1.3384097
1.3578371
1.7692241
1.3985812
-1.0161122
-0.11519794
2.3620337
2.395236
6.4835214
4.0004822
2.2651903
1.385993
9.9345177
2.9234391
3.3365486
-0.0067353536
8.6562052
-1.368218
0.16731502
-0.087751765
1.0444548
1.5288714
7.377751
2.0690432
1.2902599
2.5682104
3.9694214
1.4192366
2.9135217
0.73886681
-0.77397194
0.52161619
0.0064400107
0.11426801
0.089511898
-0.49001192
-0.60726503
0.594554
-0.80388432
0.92630369
1.3342304
2.3837841
-0.74901809
6.1327914
2.706137
3.0272281
2.9691654
2.4437447
1.2807065
5.8878788
-0.19294954
-2.2839401
-1.5156077
-1.5696355
1.7925588
-0.15898237
0.48973908
-0.45965967
-0.34965656
-0.024695734
-0.25986646
-0.84219793
1.613789
0.94658706
1.0400082
2.2663337
0.94450354
0.86905957
2.6691346
3.5410871
4.8920091
1.5950765
-0.76096487
1.822873
0.61272865
0.25015629
1.3323266
0.2573187
0.050460963
0.70364386
0.75885189
0.60682551
0.62061966
0.5111801
-0.011180104
0.45586665
-0.092674857
1.0418256
0.62394675
0.46144759
0.33248077
0.52815674
0.4597638
1.2055921
-0.36439944
-0.37550284
-0.32855587
1.7885494
-0.96586049
0.34586761
-0.16542852
-1.1661277
-0.10879885
-1.0658879
-0.70560587
0.70541385
-0.56284267
-0.40569396
0.22266089
0.96949755
0.20170364
-0.01320468
0.95654484
-1.3560347
-1.0895162
1.8411467
1.728811
1.7072616
3.0533331
0.27788567
1.4798859
-0.36693078
1.6687573
-1.1036551
-0.12441926
