0.33521142
-0.36915296
-0.26801404
-0.36515231
0.19726893
-1.0401577
0.462234
1.3506053
-0.97610549
-0.73968347
2.230359
1.0164343
-0.48392335
0.72790985
0.49286381
-1.1852592
-0.035054404
-0.74092272
-0.55008283
-0.58521468
-0.73052334
-0.32724361
-0.6881486
-1.297776
-0.56072269
-0.36989206
0.65407373
-0.54596679
3.328562
0.57868349
1.1701702
1.9434352
2.3915665
1.7162227
1.9253406
0.68491322
1.083052
-0.91966162
2.3543245
0.14331638
0.12948133
0.10139843
0.7410925
0.73165586
1.3960533
0.50476772
-0.52185153
5.6663743
0.55164025
1.8241177
1.5651602
0.77484411
1.0524981
0.46025287
0.52981318
-0.11325298
0.60111286
0.36834633
0.31861611
0.4559487
0.47028713
0.11054082
0.094109134
-0.11753391
0.91516097
-0.59641882
-0.54438105
0.36185391
0.41024732
-0.86868032
0.10919435
-0.5727968
-0.94724474
-0.2873704
0.4101171
0.0061849425
-1.0813602
1.2523357
-1.0465709
0.10318273
-0.79792356
-0.35042746
-0.59702101
-0.39831657
-0.5024833
0.15826278
-0.16828179
-0.64674512
0.98082935
0.5468031
1.8741946
-0.85024119
-1.0811293
1.6040482
-0.088669956
1.6027515
1.0049085
0.15376298
0.51827206
0.88863117
-0.61847567
0.78194299
-0.51485184
-0.57152614
-0.48941493
-0.33788276
-0.25507872
0.79681482
-0.33595087
0.014267946
-0.71558574
0.14812297
0.098616652
-0.08349459
0.36646469
-0.31407301
-0.1726962
0.022084617
1.8893914
1.4283109
1.0909523
-0.62821859
-0.51075407
-0.068449583
1.3021685
-1.4479645
-0.55342261
0.5582851
3.4201521
0.23869213
0.019776767
0.57333968
-0.32489127
