-0.78493825
-0.74749238
0.37203851
1.0418802
-0.25635133
-0.20961459
1.434969
1.0223174
-0.52289393
0.32368118
0.66933659
0.96873881
-0.50704997
-0.34124464
-0.36336454
1.6410789
1.8290166
2.3714832
0.79904906
1.0678645
-0.25616864
1.0455593
0.82078515
1.3846649
1.5483273
1.985549
1.4366575
0.51314883
0.37557676
3.7231976
3.0797998
1.4464241
0.65467013
-0.37284917
0.066366945
0.058999
1.2040424
0.70068365
-0.89049718
-0.67946735
-0.84431204
0.054890646
-0.93165679
-0.4688054
-0.65221775
-1.362382
0.27552845
-0.48573344
-0.090375212
-1.0079711
-0.13443389
-0.10856528
0.034712351
0.16192425
-0.66932952
-0.69512742
0.046280066
-0.097624665
-0.20800965
-0.43139703
-0.53801603
-0.32177096
-0.14375299
0.23472286
-1.1866601
0.1552606
0.80789028
-0.26326235
-0.38388802
-1.1071464
0.1496299
0.8011659
0.22008358
-0.022462861
0.27475562
-0.2055105
0.10273753
0.94099198
-0.21976243
0.80662506
-0.24812597
-0.74168066
0.079571144
1.2121107
0.0065673837
2.9958644
1.2922317
0.69934982
-0.70059543
0.022864577
-0.12471863
0.55352525
-0.94576173
0.2603295
-0.66809504
-0.74326132
-0.68839612
-0.10964659
0.51461895
0.14875492
-0.009009223
0.00098796679
1.4083775
0.037859277
0.39366342
-1.2746474
0.54571528
0.5755991
-0.043382409
0.10701722
-1.1008451
-0.28995029
0.20844219
0.03365254
-0.62442141
-0.26081473
-1.4037364
0.71489702
-0.18177358
2.9706166
0.87313852
5.329104
0.36236299
1.702973
1.2481161
0.31923324
0.37649438
0.82190538
-0.12361235
0.73472564
-0.41197369
-0.78882523
0.92905155
