-0.87165476
0.73249362
0.015057443
-0.36229668
-0.71488661
2.7395415
2.1014877
0.077700437
2.2789482
2.4603124
0.24593977
2.1079926
2.2238341
2.9416154
0.83551013
1.4874019
0.71042491
-0.56096643
2.6699429
2.2497713
0.51225723
0.2273542
1.8159229
0.79528128
2.1962903
1.3112134
-0.18425218
0.68759638
0.68585212
-1.0705498
1.116358
1.3450866
1.7798599
2.5549367
3.3626574
1.7237211
1.2928965
2.6302617
1.7827525
1.7738005
4.2940354
2.9819209
0.8835255
1.0351559
-0.1725533
0.74128684
0.38791083
1.1383689
0.7708039
1.138584
1.3039717
0.56537705
-0.21147524
1.1582905
-0.19000301
1.9164853
0.38511313
0.92161605
0.9503937
1.5392481
-1.1009906
-1.847448
3.5236298
-0.19844409
-0.20954215
2.4525181
2.7088317
1.8172834
6.7056636
1.4342074
2.4380573
0.010433098
10.935427
0.95188872
3.0044345
0.78727323
0.16077862
2.3218995
3.1263089
0.6508492
1.314719
1.5796532
2.3872059
2.1637332
0.45688978
0.19442802
4.8777463
-0.91766915
0.53343302
2.5010286
2.3486991
-0.29718219
1.3670033
0.79846374
0.30616027
-0.64558364
-0.22523081
0.44127127
-0.91966478
-0.64188651
-0.14572715
-0.40242313
-0.77599158
1.598672
0.59631986
-0.5379068
0.42345354
1.5735845
-0.77957131
-0.35176529
0.95123558
1.4578551
-0.76992258
0.70726702
0.10087517
-0.27720671
-0.29018342
2.1180571
0.78474394
2.9587342
1.3316916
1.1910066
0.89065009
0.67183637
2.6126048
2.5342073
0.51963451
1.0987703
-0.48486557
0.28581179
-0.51144787
0.089713297
-0.63400667
