+1	1	0.03323344702439214	-1	0.966766552975608
-1	1	0.9760760681379215	-1	0.023923931862078553
+1	1	0.9208358060568907	-1	0.07916419394310925
+1	1	0.38467030087894993	-1	0.6153296991210501
+1	1	0.05117421711740836	-1	0.9488257828825917
+1	1	0.999987538473013	-1	1.2461526986974093E-5
+1	1	0.9998784082021881	-1	1.2159179781198193E-4
+1	1	0.36566923673082435	-1	0.6343307632691757
+1	1	0.9999229409253724	-1	7.705907462770153E-5
+1	1	0.9999756014938759	-1	2.4398506123978315E-5
+1	1	0.6639307936164562	-1	0.33606920638354376
+1	1	0.9998848270158023	-1	1.1517298419785132E-4
+1	1	0.9999676202134772	-1	3.237978652283279E-5
+1	1	0.9999886529283935	-1	1.1347071606491783E-5
+1	1	0.981118971609722	-1	0.018881028390278064
+1	1	0.9930104259820298	-1	0.006989574017970121
+1	1	0.9962344417480458	-1	0.003765558251954289
+1	1	0.278766114337419	-1	0.721233885662581
+1	1	0.9999877717597092	-1	1.2228240290898707E-5
-1	1	0.99997294249778	-1	2.7057502219917907E-5
+1	1	0.978797761341917	-1	0.021202238658082934
+1	1	0.9046547190614305	-1	0.09534528093856946
+1	1	0.9995549423668217	-1	4.45057633178346E-4
+1	1	0.9959636778202322	-1	0.004036322179767661
+1	1	0.9999894192652878	-1	1.0580734712087973E-5
+1	1	0.996782126435131	-1	0.0032178735648689437
+1	1	0.23190125365159012	-1	0.7680987463484099
+1	1	0.9778902359396654	-1	0.022109764060334502
+1	1	0.9439939642046865	-1	0.056006035795313575
+1	1	0.008489437932200554	-1	0.9915105620677993
+1	1	0.9902936581176537	-1	0.009706341882346287
+1	1	0.9972147058216191	-1	0.0027852941783808633
+1	1	0.99926696264284	-1	7.330373571599102E-4
+1	1	0.9999971388112315	-1	2.861188768590443E-6
+1	1	0.9999982009589774	-1	1.7990410226671388E-6
+1	1	0.9998460420171623	-1	1.5395798283763469E-4
+1	1	0.9956792697112554	-1	0.0043207302887446185
+1	1	0.9999894568312309	-1	1.0543168769127744E-5
+1	1	0.9937916056285215	-1	0.006208394371478537
+1	1	0.9972766276636552	-1	0.0027233723363448655
+1	1	0.9999999121597086	-1	8.784029135667114E-8
+1	1	0.999997120826354	-1	2.879173646194267E-6
-1	1	0.9132227821717767	-1	0.08677721782822322
+1	1	0.98895984405257	-1	0.01104015594743001
+1	1	0.3227939146890261	-1	0.6772060853109739
-1	1	0.8203868042899713	-1	0.17961319571002865
+1	1	0.7483737275249481	-1	0.2516262724750519
+1	1	0.9630437800881433	-1	0.0369562199118566
+1	1	0.9754553843456123	-1	0.024544615654387737
+1	1	0.9852215633324751	-1	0.014778436667524862
+1	1	0.9968120926995084	-1	0.003187907300491591
+1	1	0.8463271796383424	-1	0.1536728203616576
-1	1	0.28327681989132886	-1	0.7167231801086711
+1	1	0.9851447968623189	-1	0.01485520313768096
-1	1	0.3067448459732571	-1	0.6932551540267429
+1	1	0.999677900884082	-1	3.2209911591799597E-4
+1	1	0.9120287408761864	-1	0.08797125912381369
+1	1	0.9810475384970839	-1	0.018952461502916015
+1	1	0.9382228415729911	-1	0.061777158427008885
+1	1	0.9989934690586794	-1	0.0010065309413205522
+1	1	0.013223784113972459	-1	0.9867762158860276
+1	1	4.262350415724866E-5	-1	0.9999573764958428
+1	1	0.9999987097476611	-1	1.2902523389550513E-6
+1	1	0.1645599268240485	-1	0.8354400731759516
+1	1	0.10162304034947453	-1	0.8983769596505254
+1	1	0.9985670490032206	-1	0.0014329509967794245
+1	1	0.9999517672576244	-1	4.823274237568241E-5
+1	1	0.998645356984393	-1	0.0013546430156070328
+1	1	0.9999999999977802	-1	2.2198149390536132E-12
+1	1	0.8551306810867274	-1	0.1448693189132726
+1	1	0.9999447492233705	-1	5.5250776629553956E-5
+1	1	0.728014348379139	-1	0.2719856516208609
+1	1	1.0	-1	6.402668058778374E-22
+1	1	0.9913705503135836	-1	0.008629449686416418
+1	1	0.999985868104378	-1	1.4131895622054573E-5
+1	1	0.9885112887806679	-1	0.011488711219332037
+1	1	0.6179246420443217	-1	0.38207535795567815
+1	1	0.9990071392546297	-1	9.928607453702043E-4
+1	1	0.9999852116192022	-1	1.4788380797862658E-5
+1	1	0.9898887848200866	-1	0.010111215179913468
+1	1	0.9993609180033711	-1	6.390819966289968E-4
+1	1	0.998612642204456	-1	0.0013873577955439721
+1	1	0.9999980341647223	-1	1.9658352775925193E-6
+1	1	0.9998713825498955	-1	1.2861745010438224E-4
+1	1	0.9268345431277508	-1	0.0731654568722491
+1	1	0.8766081335390965	-1	0.12339186646090344
+1	1	0.9999999999343288	-1	6.567127309876584E-11
+1	1	0.02028761451970789	-1	0.979712385480292
+1	1	0.9316779946369452	-1	0.06832200536305472
-1	1	0.9999456790771485	-1	5.4320922851441114E-5
+1	1	0.9999782964262897	-1	2.170357371038263E-5
+1	1	0.30063545977002626	-1	0.6993645402299739
+1	1	0.9942413786396826	-1	0.005758621360317423
+1	1	0.9942787839046547	-1	0.005721216095345157
+1	1	0.7927720200095979	-1	0.20722797999040218
-1	1	0.19089485176681814	-1	0.8091051482331818
-1	1	0.3562336024937259	-1	0.6437663975062741
+1	1	0.8737435750250068	-1	0.12625642497499315
-1	1	0.03121306847756451	-1	0.9687869315224354
-1	1	0.07571989859367463	-1	0.9242801014063253
+1	1	0.45371693705768334	-1	0.5462830629423167
+1	1	0.29977823776685886	-1	0.7002217622331411
+1	1	0.09138409435308376	-1	0.9086159056469162
+1	1	0.9994417378341646	-1	5.582621658355657E-4
+1	1	0.9385943422076446	-1	0.061405657792355385
+1	1	0.38069938641611695	-1	0.6193006135838831
+1	1	0.9462597358785431	-1	0.05374026412145705
+1	1	0.9997939948360905	-1	2.0600516390951898E-4
-1	1	0.1103414903260632	-1	0.8896585096739369
-1	1	0.35787988265118986	-1	0.6421201173488101
+1	1	0.975677239774694	-1	0.02432276022530594
+1	1	0.9990550849406898	-1	9.449150593101721E-4
+1	1	0.04323072223489024	-1	0.9567692777651097
+1	1	0.9894372905061636	-1	0.010562709493836453
+1	1	0.8063288724280262	-1	0.1936711275719739
-1	1	0.18992424760937457	-1	0.8100757523906255
+1	1	0.3876669602082098	-1	0.6123330397917902
-1	1	0.9997766738628778	-1	2.2332613712225272E-4
+1	1	0.8845698203614719	-1	0.11543017963852802
+1	1	0.9999939708098771	-1	6.029190122940378E-6
+1	1	0.9969479186597823	-1	0.003052081340217636
+1	1	0.9679989520381106	-1	0.03200104796188946
+1	1	0.9966346464959022	-1	0.003365353504097925
-1	1	0.8933219621667319	-1	0.1066780378332681
+1	1	0.9999769486644887	-1	2.3051335511293685E-5
+1	1	0.9999649046901469	-1	3.509530985323141E-5
+1	1	0.9092809460321011	-1	0.09071905396789899
+1	1	0.9947121567405337	-1	0.005287843259466271
+1	1	0.23345819416084304	-1	0.7665418058391569
+1	1	0.8308421486470772	-1	0.16915785135292283
+1	1	0.13795300707954394	-1	0.8620469929204561
+1	1	0.7679784489056352	-1	0.23202155109436481
-1	1	0.11941935670789691	-1	0.8805806432921031
