+1	1	0.5314456445908289	-1	0.4685543554091713
-1	1	0.5221897060407448	-1	0.4778102939592551
+1	1	0.5973721696325583	-1	0.4026278303674414
+1	1	0.7097988311769374	-1	0.2902011688230628
+1	1	0.6094906833778051	-1	0.3905093166221948
+1	1	0.6522641646080382	-1	0.3477358353919609
-1	1	0.48598232992815704	-1	0.5140176700718431
+1	1	0.5696493554787553	-1	0.4303506445212438
+1	1	0.6352262489038538	-1	0.3647737510961458
+1	1	0.6031484817556849	-1	0.396851518244315
+1	1	0.5650536257334379	-1	0.43494637426656246
+1	1	0.5078851641199055	-1	0.49211483588009425
-1	1	0.5795351441861836	-1	0.4204648558138163
+1	1	0.5256785068464093	-1	0.4743214931535901
+1	1	0.5992473828936121	-1	0.4007526171063879
+1	1	0.5829313261573719	-1	0.41706867384262797
+1	1	0.5056637653300261	-1	0.4943362346699739
+1	1	0.5086413670327866	-1	0.49135863296721327
+1	1	0.5424286170352738	-1	0.45757138296472644
+1	1	0.5391426149667318	-1	0.46085738503326834
+1	1	0.5382550161611782	-1	0.461744983838822
+1	1	0.5158164357602566	-1	0.48418356423974335
+1	1	0.4729585277332514	-1	0.5270414722667487
+1	1	0.501841443653315	-1	0.4981585563466851
-1	1	0.5229422554690804	-1	0.4770577445309195
+1	1	0.4909674604841955	-1	0.5090325395158046
-1	1	0.7169871436716624	-1	0.28301285632833706
-1	1	0.4874663969736549	-1	0.5125336030263453
+1	1	0.5423298417592375	-1	0.45767015824076246
+1	1	0.5799689256407992	-1	0.4200310743592004
+1	1	0.6332771513102505	-1	0.36672284868974947
+1	1	0.4736589741659883	-1	0.5263410258340115
+1	1	0.7320035575176049	-1	0.26799644248239524
-1	1	0.4495642123311211	-1	0.5504357876688789
-1	1	0.565165036261928	-1	0.43483496373807173
+1	1	0.45968827662249206	-1	0.540311723377508
+1	1	0.5388707626644418	-1	0.4611292373355582
+1	1	0.6146426714812224	-1	0.38535732851877763
-1	1	0.6285354066569355	-1	0.371464593343064
+1	1	0.5620033893222238	-1	0.4379966106777761
+1	1	0.6046209392435034	-1	0.3953790607564963
+1	1	0.6155857917188124	-1	0.38441420828118755
+1	1	0.5160112899820212	-1	0.4839887100179785
+1	1	0.5789315597332556	-1	0.4210684402667447
+1	1	0.4946854059689299	-1	0.50531459403107
+1	1	0.46958975706443246	-1	0.5304102429355677
+1	1	0.44847999776317765	-1	0.5515200022368222
+1	1	0.4204621270360149	-1	0.5795378729639854
+1	1	0.505808194546511	-1	0.4941918054534886
+1	1	0.6066541208306137	-1	0.39334587916938674
+1	1	0.6576155324587067	-1	0.34238446754129365
+1	1	0.513212567743671	-1	0.486787432256329
+1	1	0.5707134049309979	-1	0.42928659506900246
+1	1	0.6411581867340866	-1	0.3588418132659132
+1	1	0.622594460517468	-1	0.37740553948253175
+1	1	0.5311046370301602	-1	0.46889536296983964
+1	1	0.4992449690622742	-1	0.5007550309377254
+1	1	0.7073000290201894	-1	0.29269997097981015
+1	1	0.4787011860479736	-1	0.5212988139520265
+1	1	0.6901536825191296	-1	0.3098463174808707
+1	1	0.7359631003209995	-1	0.26403689967900057
+1	1	0.6601502446766832	-1	0.33984975532331635
+1	1	0.6067423101978218	-1	0.3932576898021783
-1	1	0.44678766088853866	-1	0.5532123391114604
-1	1	0.5587441878341954	-1	0.44125581216580434
+1	1	0.5541631588224797	-1	0.4458368411775205
-1	1	0.43016298914084133	-1	0.5698370108591584
+1	1	0.44886631869363836	-1	0.5511336813063618
+1	1	0.5239328004371829	-1	0.4760671995628176
+1	1	0.5924374638366182	-1	0.4075625361633822
+1	1	0.48271429965247914	-1	0.5172857003475206
+1	1	0.510456804013099	-1	0.4895431959869014
+1	1	0.506366984011068	-1	0.493633015988932
+1	1	0.5642737562986186	-1	0.4357262437013813
+1	1	0.49934325368264076	-1	0.5006567463173598
-1	1	0.5870878564482466	-1	0.412912143551753
+1	1	0.5910607215434873	-1	0.40893927845651296
+1	1	0.526857530593382	-1	0.47314246940661797
+1	1	0.5366582525497838	-1	0.46334174745021633
-1	1	0.5687829867779908	-1	0.43121701322200984
-1	1	0.5473318315780752	-1	0.45266816842192487
+1	1	0.5143397040838456	-1	0.4856602959161547
-1	1	0.5239536915955931	-1	0.4760463084044069
-1	1	0.6513282849635037	-1	0.3486717150364963
+1	1	0.6127445317256884	-1	0.38725546827431145
+1	1	0.6466484029107976	-1	0.3533515970892024
-1	1	0.5593669207201798	-1	0.4406330792798199
+1	1	0.7200432575764109	-1	0.27995674242358853
-1	1	0.4012455608625637	-1	0.5987544391374363
-1	1	0.5121311278500175	-1	0.4878688721499827
+1	1	0.6142991705205804	-1	0.3857008294794196
-1	1	0.5366162476458178	-1	0.4633837523541819
+1	1	0.46384152952465146	-1	0.5361584704753486
-1	1	0.5599644515915533	-1	0.44003554840844694
-1	1	0.6084336792555414	-1	0.39156632074445874
-1	1	0.681516056724382	-1	0.31848394327561774
-1	1	0.5767694344017147	-1	0.4232305655982849
+1	1	0.7252711650776822	-1	0.27472883492231875
-1	1	0.41287124357492166	-1	0.5871287564250783
+1	1	0.6293453769193119	-1	0.37065462308068853
+1	1	0.6402768112401139	-1	0.35972318875988646
+1	1	0.5978096095035192	-1	0.40219039049648075
+1	1	0.5117750627437625	-1	0.488224937256237
+1	1	0.4948621465552009	-1	0.5051378534447984
+1	1	0.7622688859883966	-1	0.23773111401160313
+1	1	0.7410044222270425	-1	0.25899557777295745
-1	1	0.7877558632716312	-1	0.21224413672836837
-1	1	0.6569627740759695	-1	0.34303722592403074
-1	1	0.5842494478989146	-1	0.4157505521010855
+1	1	0.5929760948936434	-1	0.4070239051063561
+1	1	0.70587763189654	-1	0.2941223681034596
+1	1	0.6871162710348047	-1	0.31288372896519545
-1	1	0.6537066465992757	-1	0.346293353400724
+1	1	0.6735221018246362	-1	0.326477898175364
-1	1	0.45655798042152884	-1	0.5434420195784719
+1	1	0.5412782750138041	-1	0.45872172498619657
-1	1	0.6107590723893382	-1	0.3892409276106624
+1	1	0.6418943400671472	-1	0.3581056599328529
+1	1	0.637324337519037	-1	0.36267566248096256
+1	1	0.6048691061655912	-1	0.39513089383440875
+1	1	0.47968583524223585	-1	0.5203141647577639
+1	1	0.48362863205406004	-1	0.5163713679459401
+1	1	0.6487323251424988	-1	0.35126767485750093
+1	1	0.5185715979232633	-1	0.48142840207673704
+1	1	0.5139817577063642	-1	0.4860182422936353
+1	1	0.6333384590958553	-1	0.3666615409041452
+1	1	0.49129031500273723	-1	0.5087096849972625
+1	1	0.6149523819816123	-1	0.3850476180183877
+1	1	0.45364962879460796	-1	0.546350371205392
+1	1	0.5550208767218399	-1	0.44497912327816047
+1	1	0.6220068929550615	-1	0.3779931070449391
+1	1	0.5252256500652296	-1	0.47477434993477063
-1	1	0.5574977622319536	-1	0.4425022377680462
