0.98069851
0.15980571
1.0962766
-1.0206472
4.1803146
0.59526598
0.18870992
0.18773048
-0.42611062
0.25618358
1.6495306
0.47103794
1.1763061
1.6218407
0.093645088
0.47507925
-0.13287714
-1.1227763
4.0210188
0.95836606
0.74629347
0.29470763
0.8024975
0.87101086
-0.71451937
0.25581716
1.0856033
10.332077
1.0569208
-1.0332819
2.9722494
2.5608892
0.035923329
1.6411983
-0.53600168
0.88722141
-0.98170584
-0.32225862
0.48249141
0.72633289
-0.45870685
-0.57361926
-0.70757537
1.5767471
0.13332824
1.2763338
-0.10334406
2.7523042
0.8391858
1.8144404
-0.77892735
1.4150304
1.2378341
2.151525
1.1052909
0.48457453
2.2474063
-0.0081893808
1.4905473
0.39421016
0.7460133
1.3372105
1.1850257
1.2455929
2.3175315
-0.83158821
0.13540649
0.24438653
1.7667455
1.8775526
2.591653
-0.38307746
0.11755304
-0.38636324
0.17256153
-0.50960215
0.84492615
-0.47974644
0.96080838
1.1410482
0.36962231
-0.50123994
-0.16483778
-1.2224937
-0.027595799
1.8728975
1.1747903
1.1782469
0.28109689
0.60436862
-0.01277043
-0.23947088
-0.08974703
0.39579789
-0.0068184445
0.13027008
-1.0487941
-0.092827598
0.39606985
0.87578838
0.70199352
0.59873741
0.66579037
-0.4318571
-0.15579673
0.67262749
0.86281745
0.82528901
2.0334052
2.2918524
0.063938236
1.3034024
0.27144449
0.35237557
1.3295027
0.22017588
-0.12132371
0.25216353
-0.089069085
-1.4116406
0.24471168
-0.40166679
-0.35395804
1.0270025
1.0943039
0.35218211
-1.442313
-0.81877174
0.33635299
-0.42784106
-0.7558011
-0.27545585
-0.14915512
