-1.381333
1.7884777
0.12373352
-0.21342709
2.0214736
0.97517628
0.10662069
4.0766328
-0.10738465
0.21811206
0.85038284
-0.050518247
-0.83482307
-0.5037144
0.74552084
0.010620839
-0.66801173
0.38964102
-0.25632346
-0.49755205
-0.50041167
-0.095318923
0.93133744
0.71809824
0.35354261
0.37319149
0.51218342
-1.4218881
1.317147
0.19238089
2.8475838
-0.5534445
4.5507742
0.14909837
8.0259065
4.6444511
0.81456629
0.38186403
-0.36710347
0.44456431
2.4753684
0.99459791
1.2750649
0.61497335
0.90836504
1.251107
1.0682536
1.9912027
1.124811
1.4112927
0.83386721
-0.4034862
0.073394604
0.55897651
0.24859807
0.76091734
0.65756114
1.5852533
0.79235901
-0.42547054
-1.3018348
0.22822012
-0.22043839
0.55208224
1.0374452
0.3434085
-0.18324097
1.8741846
0.41703768
0.15927273
-1.2312778
1.1003844
0.92984106
-0.15476706
0.80726244
0.89397153
1.964804
1.8730036
0.076821007
2.1929921
5.1590471
1.8996498
3.0344976
-0.51224307
6.0357306
1.4387991
2.6306153
-0.65219114
-0.13054322
1.4575057
-0.27312027
0.93137565
2.9477683
1.6293699
1.1370743
0.72329108
1.1712347
1.7838674
0.405256
1.0808776
-0.66513665
1.2981406
1.2958809
1.4524397
-0.13258398
-0.32292607
-0.19271424
0.43923983
0.012296427
-0.49459859
-0.25818622
0.076579871
0.18069841
0.43587858
-0.089076677
3.5265439
0.85872465
-0.20446362
-0.04995067
-1.7953013
1.4587228
0.059643471
0.10733013
0.31464839
-0.93081414
-0.63110659
1.1770603
4.4161711
0.35026956
0.31570133
-0.60889335
1.2505975
1.0601461
