0.8698001
-0.24069529
1.0225257
-0.14210728
0.37000216
1.2373227
-0.98587403
-0.25958224
1.1917565
-0.18417685
0.86959896
1.2165813
0.51931755
0.5477672
-0.52464423
1.0176939
0.13361913
-1.1404914
0.4400076
0.94890072
1.4165871
-0.65695396
-0.36057188
2.2553862
1.3594475
0.094769844
-0.78941583
-0.56096888
0.96584545
0.24286016
0.48437981
2.2066911
-0.3016149
0.46093778
0.33213936
0.3683796
-0.51987953
-0.040483453
0.90743211
0.81503988
0.35219068
-0.068319493
-0.57516827
-0.0081102437
0.51430127
-0.062184878
1.0873286
-0.5588273
0.74837311
0.8707532
0.90637389
0.21651467
-1.4578594
-0.059319588
-0.4788791
-0.050589221
3.4707912
0.78796267
-0.56874225
1.7384532
1.2788739
-1.3898421
1.280627
-1.3851678
-0.085563672
0.57285646
0.14005196
4.6717785
1.0522422
-0.85133037
0.70800351
-0.97186625
-0.023926904
-0.72283961
1.4034595
0.92484455
0.51364475
0.32166159
0.097427584
0.99615725
0.45486134
-0.087979229
-0.099908832
-0.34945907
0.19882431
-0.62824978
-0.2200685
-0.00053582416
-0.19122691
0.85030574
-0.52219048
1.1312086
-0.37383428
0.55317973
0.024795129
0.48966371
0.11196297
0.50533927
-0.19922262
-0.63641738
0.45716719
0.73868864
-0.22791668
-0.047056033
-0.46207758
1.5194249
-0.11046142
-1.214893
-1.5376004
0.67952719
-1.1786951
0.17533484
0.33966596
0.137979
-0.51211922
-0.25581488
-0.1745436
-0.34133509
0.88193206
-0.056658666
-0.25218857
0.20641826
-0.60334183
0.0095928834
-0.043962623
0.62662641
-0.25699965
-0.17598451
0.17313787
0.55530892
-0.20708652
-0.26965219
-0.3963706
