-1	1	0.0016173481211032938	-1	0.9983826518788966
+1	1	0.9998582883271734	-1	1.417116728265689E-4
+1	1	0.8855238855737873	-1	0.11447611442621272
+1	1	0.44348748161281054	-1	0.5565125183871894
+1	1	0.9999068638498229	-1	9.31361501771368E-5
+1	1	0.9942301622861851	-1	0.005769837713814866
+1	1	0.9203109252016778	-1	0.0796890747983222
+1	1	0.999999998435058	-1	1.5649420146649052E-9
+1	1	0.547290618064102	-1	0.4527093819358981
-1	1	0.8006909159887814	-1	0.1993090840112185
+1	1	0.9617781521678439	-1	0.03822184783215611
+1	1	0.3817465854496177	-1	0.6182534145503823
+1	1	0.056447969437168045	-1	0.943552030562832
-1	1	0.1825233429867101	-1	0.8174766570132899
+1	1	0.9758457953745929	-1	0.02415420462540693
-1	1	0.4996233689901435	-1	0.5003766310098564
-1	1	0.08614536206017337	-1	0.9138546379398267
-1	1	0.8301058453486759	-1	0.16989415465132404
-1	1	0.2553483174934237	-1	0.7446516825065763
+1	1	0.14071301299863412	-1	0.8592869870013659
+1	1	0.3256560220089669	-1	0.674343977991033
+1	1	0.486518530121135	-1	0.513481469878865
+1	1	0.9821655270410106	-1	0.017834472958989427
+1	1	0.9347506100517418	-1	0.06524938994825827
+1	1	0.8977922401877964	-1	0.10220775981220358
-1	1	0.7418433481263101	-1	0.2581566518736899
+1	1	0.8999726724637667	-1	0.10002732753623339
+1	1	0.005573823000058171	-1	0.9944261769999418
+1	1	0.9750818756452462	-1	0.024918124354753705
+1	1	0.11992389040222798	-1	0.880076109597772
+1	1	0.9999375904756708	-1	6.240952432914078E-5
+1	1	0.0073353358379413995	-1	0.9926646641620586
-1	1	0.9999999621161971	-1	3.788380291812839E-8
-1	1	0.3809967920135019	-1	0.6190032079864981
+1	1	0.9999999999999987	-1	1.442714701909132E-15
+1	1	0.9999999995168702	-1	4.831298204471201E-10
+1	1	0.9927834454330148	-1	0.0072165545669852895
-1	1	0.8264906573877391	-1	0.1735093426122609
-1	1	0.473233039049913	-1	0.526766960950087
+1	1	0.7340317768140536	-1	0.2659682231859464
+1	1	0.999998588261808	-1	1.4117381919706059E-6
+1	1	0.9928297338282569	-1	0.007170266171743042
-1	1	0.9940538997619202	-1	0.005946100238079913
+1	1	0.9732546119295201	-1	0.026745388070479742
+1	1	0.9917903928862426	-1	0.008209607113757303
+1	1	0.9902146820883576	-1	0.00978531791164247
+1	1	0.9937042413188236	-1	0.006295758681176344
+1	1	0.9996958670127001	-1	3.0413298729988847E-4
-1	1	0.9940614749604503	-1	0.0059385250395497515
+1	1	0.9955927109216665	-1	0.004407289078333562
+1	1	0.9563129814744155	-1	0.043687018525584584
+1	1	0.1452137713604166	-1	0.8547862286395834
+1	1	0.8272117764672344	-1	0.17278822353276568
-1	1	0.9276159060564376	-1	0.07238409394356236
+1	1	0.6225539904452791	-1	0.3774460095547209
+1	1	0.9223583570356303	-1	0.07764164296436976
+1	1	0.8831235804937705	-1	0.11687641950622958
+1	1	0.9978380699909464	-1	0.0021619300090536834
+1	1	0.9606010984329176	-1	0.03939890156708247
+1	1	0.08117459882051299	-1	0.918825401179487
-1	1	0.013425071590816882	-1	0.9865749284091831
+1	1	0.6691360449345759	-1	0.3308639550654241
-1	1	0.45870348612015893	-1	0.5412965138798411
+1	1	0.9823465689807569	-1	0.017653431019243063
+1	1	0.9975409633571128	-1	0.002459036642887195
+1	1	0.6946806418938786	-1	0.3053193581061215
+1	1	0.41362054635433676	-1	0.5863794536456632
+1	1	0.9994353791602406	-1	5.646208397594835E-4
+1	1	0.9356811882937337	-1	0.06431881170626637
+1	1	0.4979753935972402	-1	0.5020246064027597
+1	1	0.01750752572228654	-1	0.9824924742777134
+1	1	0.9848898468188657	-1	0.015110153181134331
+1	1	0.9744677501135882	-1	0.025532249886411743
+1	1	0.17829493287956355	-1	0.8217050671204363
+1	1	0.9764649992719213	-1	0.0235350007280786
+1	1	0.9903727631357718	-1	0.009627236864228127
+1	1	0.9996631469056225	-1	3.3685309437745417E-4
+1	1	0.9994149472205913	-1	5.850527794087785E-4
+1	1	0.9132259150453018	-1	0.0867740849546982
+1	1	0.9996486926763715	-1	3.513073236284894E-4
+1	1	0.9999999996813786	-1	3.1862143677995393E-10
+1	1	0.9998021749297631	-1	1.9782507023702903E-4
-1	1	0.9999914839009637	-1	8.516099036260188E-6
+1	1	0.03460318382303798	-1	0.9653968161769619
+1	1	0.9999999999867346	-1	1.3265493791017372E-11
-1	1	0.9992116474295898	-1	7.883525704101701E-4
+1	1	0.9999945372966588	-1	5.462703341253015E-6
-1	1	0.09125451108511444	-1	0.9087454889148856
+1	1	0.6154050754024583	-1	0.38459492459754174
-1	1	0.9992031468136331	-1	7.968531863668509E-4
+1	1	0.6241851845596309	-1	0.3758148154403692
+1	1	0.9971178876213488	-1	0.002882112378651203
+1	1	0.9999997826060978	-1	2.1739390215373186E-7
+1	1	0.9995446658530058	-1	4.553341469942374E-4
-1	1	0.9722536786967843	-1	0.02774632130321566
+1	1	0.9313962831053784	-1	0.06860371689462157
+1	1	0.9977424452464682	-1	0.002257554753531961
+1	1	0.9996622498544385	-1	3.377501455613542E-4
+1	1	0.9408707384277837	-1	0.0591292615722163
+1	1	0.9938122492783895	-1	0.006187750721610533
+1	1	0.19626669734154134	-1	0.8037333026584587
+1	1	0.9945575494174281	-1	0.005442450582571789
-1	1	0.9925485869300775	-1	0.007451413069922434
+1	1	0.9990184657129528	-1	9.8153428704715E-4
+1	1	0.38072654362473773	-1	0.6192734563752623
+1	1	0.20999973890066154	-1	0.7900002610993385
-1	1	0.23691979976122815	-1	0.7630802002387719
+1	1	0.7499913081216304	-1	0.2500086918783696
+1	1	0.5929762980876674	-1	0.40702370191233267
+1	1	0.10686763304849015	-1	0.8931323669515098
-1	1	0.4319038797848225	-1	0.5680961202151775
-1	1	0.467712436235334	-1	0.532287563764666
-1	1	0.8668580344015994	-1	0.13314196559840052
-1	1	0.8435636625932298	-1	0.15643633740677027
-1	1	0.7314994072309705	-1	0.2685005927690294
+1	1	0.9999999434446271	-1	5.655537291647378E-8
-1	1	0.9914943347576853	-1	0.008505665242314681
-1	1	0.6792122213227269	-1	0.32078777867727315
+1	1	0.9124223203800784	-1	0.08757767961992155
+1	1	0.0017709356942398865	-1	0.9982290643057602
+1	1	0.9983642932158757	-1	0.0016357067841243308
+1	1	0.4961486759474793	-1	0.5038513240525206
+1	1	0.5314411837957379	-1	0.46855881620426215
+1	1	0.46766642954504273	-1	0.5323335704549572
+1	1	0.010888092691561676	-1	0.9891119073084383
+1	1	0.010537932606385893	-1	0.989462067393614
+1	1	0.8584568235803036	-1	0.14154317641969644
+1	1	0.9999999573863063	-1	4.261369362704334E-8
+1	1	0.11489256130507892	-1	0.8851074386949211
+1	1	0.23299919288713075	-1	0.7670008071128692
-1	1	0.014840090163326021	-1	0.985159909836674
+1	1	0.9825309528498561	-1	0.017469047150143798
+1	1	0.9749497008120573	-1	0.025050299187942625
