+1	1	0.9910877805809777	-1	0.008912219419022267
+1	1	0.9236056481047269	-1	0.07639435189527312
+1	1	0.9936212123479164	-1	0.006378787652083625
+1	1	0.021837126753559418	-1	0.9781628732464406
+1	1	0.9999999878202631	-1	1.2179736882286734E-8
+1	1	0.9670840282659027	-1	0.03291597173409733
+1	1	0.9111455161681586	-1	0.08885448383184139
+1	1	0.9083782753564899	-1	0.09162172464351008
+1	1	0.1107593039412087	-1	0.8892406960587913
+1	1	0.7495320490340092	-1	0.2504679509659909
+1	1	0.9992305324119369	-1	7.694675880629938E-4
+1	1	0.8940418358059614	-1	0.10595816419403868
-1	1	0.9933066400676113	-1	0.006693359932388643
+1	1	0.9988603791143026	-1	0.0011396208856974805
-1	1	0.925071424846774	-1	0.07492857515322601
-1	1	0.9152600531985915	-1	0.0847399468014086
+1	1	0.73831205469394	-1	0.26168794530606
-1	1	0.007936522824273491	-1	0.9920634771757265
+1	1	0.9999999985651578	-1	1.434842286034367E-9
+1	1	0.9913510877453368	-1	0.008648912254663244
+1	1	0.9724200257650766	-1	0.02757997423492346
-1	1	0.6263151094108007	-1	0.37368489058919935
+1	1	0.9653973411371078	-1	0.0346026588628922
+1	1	0.9810252090496842	-1	0.018974790950315935
+1	1	0.18724698615989072	-1	0.8127530138401093
+1	1	0.5699405712581952	-1	0.4300594287418048
+1	1	0.995716054011897	-1	0.004283945988103029
+1	1	1.0	-1	7.484780783596946E-22
+1	1	0.997259525060107	-1	0.0027404749398929782
+1	1	0.009320274734816652	-1	0.9906797252651833
+1	1	0.9999997719637821	-1	2.2803621797214052E-7
+1	1	0.9999708973170475	-1	2.910268295245264E-5
+1	1	0.283326823786558	-1	0.7166731762134421
+1	1	0.9978240326981742	-1	0.0021759673018257155
-1	1	0.23005206581242071	-1	0.7699479341875793
+1	1	0.9912045119061987	-1	0.008795488093801221
-1	1	0.03684370714743966	-1	0.9631562928525604
-1	1	0.2749402031651322	-1	0.7250597968348679
+1	1	0.8830859644777527	-1	0.11691403552224727
-1	1	0.9676804990490834	-1	0.032319500950916645
-1	1	0.33827170919292526	-1	0.6617282908070747
+1	1	0.17594755872090168	-1	0.8240524412790983
-1	1	0.11708742590971152	-1	0.8829125740902886
+1	1	0.9990122796925591	-1	9.877203074408695E-4
-1	1	0.5495455356106295	-1	0.4504544643893706
+1	1	0.9968649587984852	-1	0.003135041201514823
+1	1	0.38251453636928207	-1	0.617485463630718
+1	1	0.9999944130079573	-1	5.586992042782333E-6
+1	1	0.994078934822929	-1	0.005921065177071021
+1	1	0.9996486211437761	-1	3.5137885622400154E-4
+1	1	0.209727647951122	-1	0.7902723520488779
+1	1	0.9915613371961736	-1	0.008438662803826548
+1	1	0.988179924420608	-1	0.011820075579392032
+1	1	0.999842840561027	-1	1.5715943897303024E-4
+1	1	0.9906917509844688	-1	0.00930824901553119
+1	1	0.9558640624848267	-1	0.04413593751517335
+1	1	0.9999183561562787	-1	8.164384372124103E-5
+1	1	0.6369211495921099	-1	0.36307885040789006
-1	1	0.9973384620918756	-1	0.0026615379081243633
+1	1	0.9109006478221336	-1	0.08909935217786631
+1	1	0.9528160867497791	-1	0.04718391325022076
+1	1	0.9973566969732932	-1	0.0026433030267067306
+1	1	0.9939855364497208	-1	0.006014463550279152
+1	1	0.9926539404935741	-1	0.007346059506425922
+1	1	0.9999649007447502	-1	3.5099255249818796E-5
+1	1	0.060388488318331816	-1	0.9396115116816682
+1	1	0.8741489188026442	-1	0.12585108119735575
-1	1	0.6330783818262998	-1	0.3669216181737003
+1	1	0.9986957178405079	-1	0.0013042821594920415
+1	1	0.9996601028812149	-1	3.3989711878500346E-4
+1	1	0.999979137691093	-1	2.0862308906967217E-5
-1	1	0.09232016768896177	-1	0.9076798323110381
+1	1	0.5349870687314068	-1	0.4650129312685933
+1	1	0.34024598931101063	-1	0.6597540106889893
-1	1	0.8432733307524006	-1	0.15672666924759932
+1	1	0.29272911813881514	-1	0.7072708818611849
-1	1	0.9812784736457365	-1	0.01872152635426356
-1	1	0.13946566875246516	-1	0.8605343312475348
+1	1	0.9979711827304395	-1	0.0020288172695605055
-1	1	0.9957624023547507	-1	0.004237597645249414
+1	1	0.6881726636143993	-1	0.31182733638560073
+1	1	0.4192032712071155	-1	0.5807967287928845
+1	1	0.34900039993202175	-1	0.6509996000679783
+1	1	0.009153641333019862	-1	0.9908463586669801
+1	1	0.6805183024615973	-1	0.3194816975384027
+1	1	0.9997883700360423	-1	2.116299639577053E-4
+1	1	0.9951700236208091	-1	0.004829976379190967
+1	1	0.9979037629526955	-1	0.0020962370473044762
+1	1	0.7960006360162379	-1	0.20399936398376206
+1	1	0.8243660268330684	-1	0.1756339731669317
+1	1	0.4764394616687842	-1	0.5235605383312157
+1	1	0.3072705998662607	-1	0.6927294001337393
-1	1	0.5124289731040402	-1	0.4875710268959599
+1	1	0.9268365935828724	-1	0.07316340641712753
+1	1	0.635845485783234	-1	0.36415451421676603
-1	1	0.5699241957103045	-1	0.43007580428969544
+1	1	0.059836067604173246	-1	0.9401639323958267
-1	1	0.26034442651667666	-1	0.7396555734833233
+1	1	0.9477221649155807	-1	0.052277835084419376
+1	1	0.9736417008081695	-1	0.026358299191830407
+1	1	0.9819950179540899	-1	0.018004982045909963
+1	1	0.9560213062077962	-1	0.04397869379220389
-1	1	0.9389971513892826	-1	0.06100284861071737
+1	1	0.2557047371440857	-1	0.7442952628559142
-1	1	0.5198478064579208	-1	0.4801521935420792
-1	1	0.9554507269928421	-1	0.044549273007157844
+1	1	0.9712701066216938	-1	0.02872989337830634
-1	1	0.9766205356060392	-1	0.023379464393960745
+1	1	0.9997776755914155	-1	2.2232440858450687E-4
+1	1	0.9999860343088544	-1	1.3965691145620183E-5
+1	1	0.8492055497226231	-1	0.15079445027737695
+1	1	0.9993829447458066	-1	6.17055254193391E-4
+1	1	0.9501831612339947	-1	0.04981683876600526
+1	1	0.8975367377080172	-1	0.10246326229198274
-1	1	0.997185959456889	-1	0.0028140405431108673
+1	1	0.9021605959697542	-1	0.09783940403024571
-1	1	0.3763977056510326	-1	0.6236022943489674
-1	1	0.8464589334625598	-1	0.15354106653744007
-1	1	0.581687483452913	-1	0.41831251654708707
-1	1	0.015249988536539584	-1	0.9847500114634604
-1	1	0.8584583790471488	-1	0.1415416209528511
-1	1	0.6199235310012622	-1	0.3800764689987378
-1	1	0.27129894239295826	-1	0.7287010576070417
+1	1	0.9947606362218474	-1	0.005239363778152636
-1	1	0.9973463620386548	-1	0.0026536379613452442
+1	1	0.9234114074297723	-1	0.07658859257022754
+1	1	0.01023190196290789	-1	0.9897680980370921
+1	1	0.14632886258884162	-1	0.8536711374111583
+1	1	0.916018800927437	-1	0.08398119907256302
+1	1	0.40822983600054924	-1	0.5917701639994508
-1	1	0.10808844760524342	-1	0.8919115523947566
+1	1	0.5021883687826811	-1	0.4978116312173189
-1	1	0.38391939072972614	-1	0.616080609270274
