+1	1	7792.747778475285	-1	567.1077168456652
-1	1	3936.2966750860214	-1	2266.4107493674474
-1	1	3707.5718172192574	-1	2398.1735160268963
+1	1	4009.616659283638	-1	2757.7498150337615
-1	1	4382.187391042709	-1	1035.9617112736544
+1	1	1791.785912334919	-1	2701.5829205010305
+1	1	5487.067393064499	-1	385.7837542742491
+1	1	3696.0777753591537	-1	2537.4297727366084
+1	1	5531.952959656715	-1	2262.554443462079
-1	1	3087.4750715494156	-1	2839.2883352136705
+1	1	3877.9866977334023	-1	463.58777204255784
-1	1	5304.933200955391	-1	2577.574213974464
+1	1	3918.966306746006	-1	2408.967452403284
-1	1	4418.0346158742905	-1	2881.4584018960995
+1	1	2786.7740936279297	-1	384.32561506712415
+1	1	3817.4612830281258	-1	451.7607704104667
+1	1	6117.71088218689	-1	651.1313813313066
+1	1	3235.4143419861794	-1	1360.9322395492436
+1	1	4458.577363491058	-1	1098.5066192672239
-1	1	3844.9624999165535	-1	951.3547011597911
+1	1	5265.9637959599495	-1	1207.6405498372735
-1	1	3494.8390243649483	-1	2797.1935405806526
+1	1	3886.9966998696327	-1	770.4682441086863
+1	1	7463.812016487122	-1	503.78370727206885
-1	1	3409.2364488840103	-1	3820.76756748307
-1	1	4919.972603440285	-1	3350.8112297694424
+1	1	4926.181431829929	-1	809.3682414828236
-1	1	6001.385232746601	-1	3228.3890580786465
-1	1	4397.624181807041	-1	3277.924197006163
+1	1	6940.5135846138	-1	860.8867872852716
-1	1	3182.9196115136147	-1	3053.947459966934
+1	1	5845.116633236408	-1	1075.2946985861165
+1	1	5103.6067289114	-1	3213.2931439317963
+1	1	5367.68711745739	-1	3013.8296503093316
-1	1	4138.188154578209	-1	2348.3756923862456
-1	1	4680.418661892414	-1	578.2650703149868
+1	1	3954.5950213074684	-1	2462.4422303710853
+1	1	6258.177255153656	-1	529.137920998337
+1	1	5176.086220383644	-1	2795.208622788452
+1	1	4947.529595911503	-1	999.3889518175274
+1	1	3699.9281789064407	-1	2436.531963961199
+1	1	5964.677648603916	-1	2592.180990266945
+1	1	5763.253307700157	-1	3037.5897123246195
+1	1	6119.734542667866	-1	1463.2809072035125
+1	1	4016.2566643357277	-1	995.4122534822782
+1	1	4647.599985182285	-1	1069.8446656728156
+1	1	6874.719888985157	-1	2728.7490381359603
+1	1	6444.2250309586525	-1	1267.066333940493
+1	1	5380.984050512314	-1	972.5450129092897
+1	1	5111.437677621841	-1	560.8185800267474
-1	1	4771.538681805134	-1	721.5057021547327
+1	1	2926.5641191601753	-1	3407.90296664014
-1	1	4354.684234619141	-1	1139.5310704112708
+1	1	4441.2302631139755	-1	3079.4490724748684
+1	1	4147.091679930687	-1	3504.267214033818
+1	1	5090.840032160282	-1	1017.6650787494746
-1	1	8981.663136720657	-1	1295.1003223355494
+1	1	6909.077757418156	-1	545.1723501176205
+1	1	7048.286774516106	-1	3753.6974281903495
+1	1	5355.950658380985	-1	1242.3138749928605
-1	1	7383.176223576069	-1	3259.7845901377386
-1	1	3567.507785618305	-1	3483.7703202785924
+1	1	5777.937049686909	-1	4182.636134420125
+1	1	4118.614376425743	-1	3000.9676077257263
+1	1	4031.6099985837936	-1	2984.6947649292506
+1	1	6724.422929644585	-1	3516.3280982151628
-1	1	4369.171397686005	-1	1545.1004206559758
+1	1	6570.70218449831	-1	2461.6901331727827
+1	1	6514.163909256458	-1	2558.904049696499
+1	1	2727.9571836590767	-1	3207.0294883719434
+1	1	5578.1003323197365	-1	2676.8798003560005
-1	1	3828.300212442875	-1	1143.7479115854949
-1	1	3135.8064292669296	-1	2463.7767631467505
+1	1	1841.2270364761353	-1	499.777138270445
+1	1	4718.360550940037	-1	2741.0857859984644
+1	1	5984.141651153564	-1	680.4643066696847
+1	1	4617.5215430259705	-1	944.6823223252159
+1	1	3648.324584543705	-1	1097.579676322639
+1	1	3689.631418287754	-1	1056.1240672338827
+1	1	5256.645917236805	-1	2491.8054659683366
+1	1	4110.05135089159	-1	2221.564570565717
-1	1	4593.495645105839	-1	794.4158826946186
-1	1	3222.2578807473183	-1	468.01460458531255
-1	1	1687.5548315644264	-1	1088.4619527758987
+1	1	4136.101078093052	-1	2254.876127064297
-1	1	2953.9635584950447	-1	3954.870091997096
+1	1	3290.950492680073	-1	1129.6084930321394
-1	1	4537.528718054295	-1	381.9579016233347
+1	1	1926.5969801545143	-1	809.8385118311292
+1	1	5608.30989253521	-1	3064.372661150306
-1	1	4183.497843801975	-1	828.2429034916004
+1	1	5463.917992115021	-1	169.54088323135147
+1	1	5756.137684941292	-1	3283.5533144066612
+1	1	4841.434844553471	-1	1443.925527466703
-1	1	3672.934123337269	-1	2543.375841839319
+1	1	5530.196403026581	-1	673.7565958252999
+1	1	6078.340230822563	-1	2638.07213605966
-1	1	2930.9818530082703	-1	730.9676159062146
-1	1	2901.954248249531	-1	2793.876648979269
-1	1	3827.98782736063	-1	2491.950071364641
-1	1	3879.421519577503	-1	2475.2019850922043
+1	1	4366.095479309559	-1	3406.1328418631565
-1	1	5335.584771454334	-1	2092.3113629147447
-1	1	3623.569608271122	-1	581.332624047358
-1	1	2720.185574531555	-1	761.8382784966398
-1	1	4291.027334988117	-1	675.2496521114847
+1	1	4683.341988623142	-1	2747.4636366027685
-1	1	4353.47491812706	-1	1105.7604019138998
+1	1	2180.0262030363083	-1	2646.2948797065765
-1	1	4938.447530508041	-1	573.8367751855421
+1	1	3323.25739133358	-1	3127.410250352934
-1	1	5631.483422577381	-1	2966.206818388786
-1	1	3354.9813535809517	-1	2336.4049614994183
-1	1	4100.830728054047	-1	640.6880576493368
-1	1	3072.784735262394	-1	928.5962178857008
-1	1	2141.3288971185684	-1	2984.1046716274086
-1	1	1199.4774354100227	-1	2415.2695422479883
+1	1	3673.1271010041237	-1	3005.653043792063
+1	1	5420.402840912342	-1	2470.725506651352
-1	1	2994.5422063469887	-1	807.0279751597282
-1	1	4711.400280535221	-1	783.5624118177257
+1	1	2728.6244554519653	-1	610.1714268923115
+1	1	4442.619744837284	-1	4711.064944044054
+1	1	3208.6926749944687	-1	2948.8195829577835
+1	1	3508.298512995243	-1	542.1113026980311
+1	1	4892.768728375435	-1	2982.4552479414288
-1	1	5908.368516027927	-1	1315.108590865517
+1	1	4468.081430017948	-1	2469.1014684066595
-1	1	4852.945262491703	-1	919.3922579160519
+1	1	3751.5440311431885	-1	633.6340070795632
-1	1	5224.015158236027	-1	2770.4204838574587
+1	1	2825.620248377323	-1	3105.3466702925816
+1	1	4531.109683573246	-1	478.6674115732385
