+1	1	0.12787146989907622	-1	0.8721285301009237
-1	1	0.9974297798800713	-1	0.002570220119928756
+1	1	0.5209057461145787	-1	0.4790942538854213
+1	1	0.296074045802069	-1	0.703925954197931
+1	1	0.6684879675481055	-1	0.33151203245189453
+1	1	0.9994118635760246	-1	5.88136423975436E-4
+1	1	0.9989634317229861	-1	0.0010365682770140004
+1	1	0.3451853361030928	-1	0.6548146638969072
+1	1	0.9991893815410456	-1	8.106184589542643E-4
+1	1	0.9993737403583859	-1	6.262596416141252E-4
+1	1	0.9257402526899086	-1	0.07425974731009134
+1	1	0.9996847214300824	-1	3.1527856991754577E-4
+1	1	0.9983112292433263	-1	0.0016887707566738174
+1	1	0.9999502427257982	-1	4.975727420174221E-5
+1	1	0.984945350791599	-1	0.015054649208401012
+1	1	0.33984124043774183	-1	0.6601587595622581
+1	1	0.9990136361993692	-1	9.86363800630891E-4
+1	1	0.8146103958400542	-1	0.18538960415994582
+1	1	0.9999389533851141	-1	6.104661488594557E-5
-1	1	0.9991552489920519	-1	8.447510079482276E-4
+1	1	0.9992849044363673	-1	7.150955636326344E-4
+1	1	0.32693813745502076	-1	0.6730618625449792
+1	1	0.9968224671451731	-1	0.0031775328548268155
+1	1	0.9963669430092817	-1	0.0036330569907181832
+1	1	0.999989143677444	-1	1.0856322556022345E-5
+1	1	0.950360710581992	-1	0.04963928941800806
+1	1	0.3065592174440747	-1	0.6934407825559253
+1	1	0.9814862803547496	-1	0.0185137196452504
+1	1	0.8857017649664656	-1	0.11429823503353442
+1	1	0.32738975768908607	-1	0.6726102423109139
+1	1	0.9720864844066747	-1	0.02791351559332525
+1	1	0.9873978860043929	-1	0.012602113995607137
+1	1	0.99875355396277	-1	0.0012464460372299548
+1	1	0.9998980202028132	-1	1.0197979718675456E-4
+1	1	0.9988411720072204	-1	0.0011588279927794948
+1	1	0.9374090723243971	-1	0.06259092767560288
+1	1	0.9999433519459651	-1	5.664805403502803E-5
+1	1	0.9996429727695861	-1	3.5702723041380435E-4
+1	1	0.9691490611186502	-1	0.030850938881349772
+1	1	0.9902706372729423	-1	0.009729362727057682
+1	1	0.9999978972888097	-1	2.1027111901278282E-6
+1	1	0.9968869917898397	-1	0.0031130082101602963
-1	1	0.5212169117327261	-1	0.4787830882672739
+1	1	0.9792136137614007	-1	0.020786386238599328
+1	1	0.5961345347015219	-1	0.4038654652984781
-1	1	0.26368519724914574	-1	0.7363148027508543
+1	1	0.8789095988171484	-1	0.1210904011828517
+1	1	0.8508167444172592	-1	0.14918325558274087
+1	1	0.8870121092782584	-1	0.1129878907217416
+1	1	0.20294790089436693	-1	0.7970520991056331
+1	1	0.9823409329883322	-1	0.01765906701166777
+1	1	0.14474663231655566	-1	0.8552533676834443
-1	1	0.5818082446124349	-1	0.41819175538756514
+1	1	0.9349489916954279	-1	0.06505100830457206
-1	1	0.6861920305700541	-1	0.31380796942994593
+1	1	0.9887985399637207	-1	0.011201460036279186
+1	1	0.8217497021615695	-1	0.1782502978384304
+1	1	0.909902373765672	-1	0.09009762623432807
+1	1	0.980247410550482	-1	0.019752589449518087
+1	1	0.999848470355028	-1	1.515296449720979E-4
+1	1	0.028301896293341313	-1	0.9716981037066588
+1	1	1.3524559446056615E-4	-1	0.9998647544055393
+1	1	0.9999863997040318	-1	1.3600295968219224E-5
+1	1	0.4768847811638839	-1	0.5231152188361161
+1	1	0.9980096858666744	-1	0.00199031413332552
+1	1	0.940286200114658	-1	0.059713799885341895
+1	1	0.9999542448898027	-1	4.575511019728388E-5
+1	1	0.9999567570063524	-1	4.324299364744203E-5
+1	1	0.9999999999994327	-1	5.672369632747174E-13
+1	1	0.9093170705216886	-1	0.09068292947831139
+1	1	0.9995779241628323	-1	4.2207583716762483E-4
+1	1	0.9994383829637072	-1	5.616170362927003E-4
+1	1	1.0	-1	3.5338499761615704E-19
+1	1	0.9570047685246625	-1	0.04299523147533749
+1	1	0.9999998585667815	-1	1.414332183593743E-7
+1	1	0.9090753961830509	-1	0.09092460381694899
+1	1	0.9483193208590103	-1	0.051680679140989665
+1	1	0.9864293364474492	-1	0.013570663552550733
+1	1	0.9996147676911009	-1	3.8523230889917295E-4
+1	1	0.9999667462806799	-1	3.3253719320086224E-5
+1	1	0.9981826413237729	-1	0.0018173586762270843
+1	1	0.9910341932644549	-1	0.008965806735545288
+1	1	0.9999999239720667	-1	7.60279332224228E-8
+1	1	0.9997310950865402	-1	2.689049134597011E-4
+1	1	0.9999190059741744	-1	8.099402582566962E-5
+1	1	0.9935301466224431	-1	0.006469853377556934
+1	1	0.9999999998396336	-1	1.603664624783618E-10
+1	1	0.252324587379639	-1	0.747675412620361
+1	1	0.9235897647930035	-1	0.07641023520699651
-1	1	0.9951277816050099	-1	0.004872218394990042
+1	1	0.9992059148540609	-1	7.940851459391751E-4
+1	1	0.9405012621071802	-1	0.05949873789281983
+1	1	0.9928334744741527	-1	0.007166525525847336
+1	1	0.9734890806071507	-1	0.026510919392849386
+1	1	0.9716403202607307	-1	0.028359679739269342
-1	1	0.048005938482532304	-1	0.9519940615174677
-1	1	0.5071680181615315	-1	0.4928319818384685
+1	1	0.4377414311301204	-1	0.5622585688698796
-1	1	0.012467178326928962	-1	0.987532821673071
-1	1	0.17692223396273796	-1	0.823077766037262
+1	1	0.2900561974339861	-1	0.709943802566014
+1	1	0.148828531034613	-1	0.851171468965387
+1	1	0.10740113105139706	-1	0.8925988689486029
+1	1	0.9975697574959912	-1	0.0024302425040089314
+1	1	0.6373480981775527	-1	0.3626519018224473
+1	1	0.7153406547371894	-1	0.2846593452628106
+1	1	0.9288448245620511	-1	0.07115517543794891
+1	1	0.999516270734745	-1	4.8372926525499865E-4
-1	1	0.10819431581626228	-1	0.8918056841837377
-1	1	0.45953833119529425	-1	0.5404616688047058
+1	1	0.9484093078581163	-1	0.0515906921418838
+1	1	0.9738762411301954	-1	0.026123758869804448
+1	1	0.2508566787824123	-1	0.7491433212175876
+1	1	0.9835163637432037	-1	0.0164836362567962
+1	1	0.7213316241838996	-1	0.27866837581610043
-1	1	0.13781291433995457	-1	0.8621870856600453
+1	1	0.33234170713909744	-1	0.6676582928609026
-1	1	0.9995609692759253	-1	4.3903072407471515E-4
+1	1	0.92295238039778	-1	0.0770476196022199
+1	1	0.9947046003732738	-1	0.005295399626726261
+1	1	0.9996326470848191	-1	3.6735291518072953E-4
+1	1	0.9822763844405398	-1	0.017723615559460313
+1	1	0.9342100652013703	-1	0.06578993479862982
-1	1	0.8511343110699905	-1	0.1488656889300095
+1	1	0.9999908182716394	-1	9.181728360531426E-6
+1	1	0.9954893877261832	-1	0.004510612273816779
+1	1	0.8860753362182265	-1	0.11392466378177354
+1	1	0.9163872380421464	-1	0.08361276195785368
+1	1	0.06812209676852413	-1	0.9318779032314759
+1	1	0.8082604753785001	-1	0.19173952462149982
+1	1	0.39525265865794157	-1	0.6047473413420584
+1	1	0.7510564532925447	-1	0.24894354670745528
-1	1	0.3102454790364552	-1	0.6897545209635448
