-1	1	1821.2484149932861	-1	542.7935259121318
+1	1	2146.216796875	-1	580.4435587376356
+1	1	487.5003662109375	-1	586.3382959663868
+1	1	2544.8330688476562	-1	170.64311221242133
-1	1	2107.2159729003906	-1	881.9054427295944
+1	1	3240.99658203125	-1	134.46400651338809
-1	1	3324.2409896850586	-1	2245.8030668796277
+1	1	2772.1107864379883	-1	688.1648302674316
+1	1	2828.697395324707	-1	2229.9000502974377
+1	1	6214.800930023193	-1	1662.3743735559217
+1	1	5004.087501525879	-1	509.6276906926765
+1	1	5137.858642697334	-1	4936.992066958929
+1	1	4921.48199570179	-1	1505.5455800863003
+1	1	4838.782348752022	-1	337.107191261089
+1	1	4934.004484176636	-1	1843.7673885092695
+1	1	5560.1938611269	-1	2158.8229982266585
+1	1	6771.000356674194	-1	1319.0781690442345
+1	1	5088.626167297363	-1	870.8556929440556
-1	1	4269.5145626068115	-1	1314.3496018053866
+1	1	5971.499473571777	-1	1725.8989084476518
+1	1	6930.1493883132935	-1	2218.093855881235
+1	1	6718.982949495316	-1	2329.076236040487
+1	1	7497.420758605003	-1	2685.23011338423
+1	1	9947.413583159447	-1	3288.769420511915
+1	1	5910.674164772034	-1	2369.279464814327
+1	1	10658.573354840279	-1	4927.011636039515
+1	1	5626.114359021187	-1	3390.253396053162
+1	1	12664.144008755684	-1	3279.9309415150383
+1	1	5038.496694564819	-1	3457.434403773699
+1	1	8319.612615942955	-1	3730.8099429647727
+1	1	4781.9356862306595	-1	2144.7942478473456
+1	1	9354.351834654808	-1	1865.7156766699522
-1	1	4917.340605735779	-1	5188.481848929137
+1	1	7172.609382033348	-1	3070.8502484413066
-1	1	3569.610975265503	-1	2441.5916086027282
-1	1	4480.650135040283	-1	1822.625321224712
+1	1	4775.856447219849	-1	1819.2545845697753
+1	1	7531.086166381836	-1	1997.1228419780477
+1	1	5668.077801704407	-1	2887.5168627018893
+1	1	7123.04654443264	-1	2325.3867389224874
+1	1	10315.20806980133	-1	936.7535958478508
+1	1	9736.065175175667	-1	4031.7448187055807
-1	1	8928.130812764168	-1	4302.9581700477165
+1	1	6896.715038657188	-1	3819.355685436498
+1	1	6424.4765301942825	-1	4203.805982842002
+1	1	4768.090467572212	-1	2286.6670878029063
-1	1	4090.1914588212967	-1	4602.53039124868
+1	1	4525.305418133736	-1	2625.510668938327
+1	1	4409.04936504364	-1	2208.9226123569606
-1	1	3351.266534924507	-1	3039.2034956088773
+1	1	3256.2981662750244	-1	2035.2102819422453
+1	1	3498.368118286133	-1	1770.36442476511
+1	1	4126.742166519165	-1	2553.7134137909766
+1	1	7752.582904815674	-1	3762.1681438917685
+1	1	7613.796455621719	-1	4500.95439837548
+1	1	5484.099227905273	-1	4440.34586856163
+1	1	6235.048202872276	-1	1508.9275543953722
+1	1	5789.570607304573	-1	4151.594616334945
+1	1	12330.399933099747	-1	4827.049353458442
+1	1	7804.1149435043335	-1	3897.6588854694164
+1	1	9832.746954321861	-1	3842.75280163276
+1	1	9312.291999936104	-1	2681.6203899719503
-1	1	8580.071233153343	-1	3076.8629811983947
+1	1	8195.274194717407	-1	3227.313706194119
+1	1	10343.144716262817	-1	1755.0249669537466
+1	1	2485.159303665161	-1	3574.9413492083568
+1	1	5325.765388607979	-1	1254.780435413124
+1	1	3368.736152648926	-1	1616.5101013780532
-1	1	5141.981735229492	-1	1363.3455730498563
+1	1	7513.922380447388	-1	1577.158812658894
+1	1	4070.8084106445312	-1	1486.1159028485424
+1	1	3937.536720275879	-1	1186.4631865696304
+1	1	5079.464530944824	-1	1957.9221302662434
+1	1	6040.966857910156	-1	1617.4797818288591
+1	1	4258.298591732979	-1	1941.2562562059707
+1	1	5453.311019897461	-1	1681.177177646229
-1	1	3975.897419333458	-1	1017.0159098367458
+1	1	7844.409589767456	-1	1622.2577077652859
-1	1	5911.846810340881	-1	1223.1831810518634
+1	1	6908.674390912056	-1	2154.7738567087827
+1	1	8280.43366241455	-1	1726.3966609929134
+1	1	4254.0398597717285	-1	1166.4402664714744
+1	1	7316.605810284615	-1	2743.349609993555
+1	1	8622.6801071167	-1	1903.55714300957
+1	1	10171.525783777237	-1	3526.7609792026224
+1	1	9706.77045738697	-1	2998.101348042506
+1	1	6327.357261776924	-1	3273.8636080337556
+1	1	4948.010693907738	-1	2786.2684978974376
+1	1	8593.716146588326	-1	2109.9587978232985
+1	1	4194.958040237427	-1	4114.449121185966
+1	1	2212.8388694524765	-1	2667.636712804468
+1	1	2782.5706511735916	-1	1710.1021781535912
+1	1	3115.2118072509766	-1	1070.3238788643305
+1	1	6478.68917286396	-1	1895.035236644881
-1	1	3324.1948795318604	-1	784.3680306542683
+1	1	4784.379341125488	-1	334.32135705650035
+1	1	5184.541452407837	-1	1204.9142175815218
-1	1	3582.4267196655273	-1	249.75842825696787
-1	1	2627.356754422188	-1	2680.682155728488
+1	1	3775.5483474731445	-1	406.92453927965863
+1	1	4893.868290185928	-1	537.078651465971
+1	1	2796.9216480255127	-1	1963.3871193942641
-1	1	5200.392555236816	-1	288.7771378203795
-1	1	4308.774841308594	-1	1174.8579036039612
+1	1	5006.604622840881	-1	950.860661163993
+1	1	4273.4538497924805	-1	910.0462830597617
+1	1	4090.3808517456055	-1	1185.9686438453014
-1	1	6620.6873742341995	-1	3390.5588159826975
+1	1	7213.082470059395	-1	1804.9230334133636
+1	1	4650.65555202961	-1	2201.917539455382
-1	1	2688.3409900665283	-1	4540.825395718219
+1	1	2742.6066039800644	-1	1238.7271329277448
+1	1	7601.3420124053955	-1	1474.4493243374914
+1	1	4441.454303741455	-1	4884.580520380639
+1	1	3912.290438771248	-1	2491.636932442965
+1	1	5922.982955932617	-1	662.6344169132389
+1	1	3267.4883691072464	-1	2288.032165209328
+1	1	3224.927229166031	-1	1307.3772024457087
+1	1	3333.314167022705	-1	3255.693205922844
+1	1	5583.3823491334915	-1	1620.2014986003662
+1	1	5054.240200042725	-1	1152.4797593117712
+1	1	3290.443748474121	-1	1213.8061104420653
+1	1	2935.0813846588135	-1	1183.8687349819247
+1	1	2069.074562072754	-1	572.8049032988874
+1	1	7014.718185424805	-1	2363.333584586379
+1	1	5769.3819886446	-1	951.7475355100058
+1	1	6012.848877072334	-1	2446.7007502720394
+1	1	5842.89028942585	-1	4523.33558564634
+1	1	6688.387006878853	-1	3970.205578114848
+1	1	6510.806367993355	-1	4602.969152133914
+1	1	5348.869566082954	-1	5288.555563625446
+1	1	8357.642812728882	-1	3798.710223515711
+1	1	4537.234815597534	-1	2950.69738651592
+1	1	10943.632471442223	-1	3455.9576590135007
+1	1	4455.372009396553	-1	2933.63384006057
+1	1	5263.735841155052	-1	1547.8127793157864
-1	1	3038.761400580406	-1	1537.175265674569
+1	1	4705.926794171333	-1	4946.891605257329
-1	1	2250.7726805210114	-1	1409.385307646357
-1	1	1209.824926495552	-1	5240.935848519441
