-0.45739424
1.0542041
-0.018810964
0.69915011
-0.1614361
1.475304
-0.21980953
1.4762919
0.90663313
0.64349172
1.1803207
0.24743607
-0.16120097
1.4687033
-0.35787041
2.0066922
0.63626332
3.1482097
1.0767278
1.6953066
0.58856447
1.1489737
0.062043449
0.059652976
0.5522423
0.87919028
2.3875014
-0.38989946
1.204823
0.93087629
1.1294051
1.7858143
2.9959508
-0.49851982
-0.11936727
-1.2741896
1.2874345
-0.24933271
0.20196407
0.4882894
2.3324124
0.94314748
0.28736578
2.8042682
-0.10814275
0.11542389
-0.47155778
-0.67291309
-0.013533213
-0.46381706
2.3008869
-0.25029044
0.74090379
0.081432562
-0.6732831
0.50918124
0.40179383
0.51576991
-0.85741882
1.0929617
1.6901783
0.44663308
0.59339006
-0.8753057
-0.78471685
1.3812396
0.21367456
-0.014224924
-2.1273088
0.43005206
0.10753185
1.9415825
0.96374183
1.7371156
-2.5643494
3.9175535
4.2854397
12.64432
-0.41508176
-0.089907363
0.1904917
0.96876169
0.94069453
1.0608465
1.183885
0.54061253
0.25988507
0.83258094
0.49403466
0.5454609
0.26411424
0.48264444
-0.51362188
0.58384097
0.27025347
0.94900619
-0.079428018
1.405481
-1.2754335
3.0329557
0.89291862
-0.66645121
0.47204305
2.3058342
2.3031543
1.3945486
0.010513355
0.36248695
-0.90753467
1.3356388
1.9382778
3.6841766
3.7978477
3.5253802
-0.37706321
-0.68962625
2.376144
-0.44921797
0.57239858
-0.47148437
0.062938534
-0.093866386
2.4121907
1.0288909
-0.36727658
2.6958687
0.81498095
3.9796795
-0.30520782
0.21842567
0.98513059
0.95254367
0.93679364
