0.50099324
-0.18348179
0.059203305
1.3058304
-0.052697883
0.31643561
-0.02565066
0.27414991
0.52622373
-0.45713832
0.58881341
-0.42642042
-1.2675532
-1.0414517
-0.33242735
1.5006942
0.98523683
-0.84835119
-0.33906334
0.71062738
1.2347883
0.42572639
-0.86364244
0.70091072
-1.6788835
0.049228489
-1.4667154
-1.1307555
-0.89022531
-0.44097216
-1.6304161
-0.68199865
-0.82842214
0.060871199
-0.1048842
-0.62144487
0.28421963
0.12747385
-0.64563588
1.0688535
0.2704661
1.3836148
0.088348976
1.5768657
0.983937
-0.060557475
-0.31275696
-0.45966066
-0.42008656
-0.040848634
0.23328316
0.63772579
-0.47804163
-0.82347343
-0.090868243
-0.55957161
-0.99747047
-0.69009499
-0.62196013
-0.51570651
-0.077845911
-0.43254013
-0.53218537
-0.099569976
0.075238348
-0.20116625
1.096276
0.29558748
0.25583194
0.17460954
0.23334781
0.0072492024
-1.0179899
-0.040496529
0.081667976
-0.06513407
0.19913829
0.076993565
0.36134718
-0.24565748
0.31493997
0.10061608
0.49543465
0.7492858
0.39343055
0.18604405
-0.59554186
0.7301514
0.47526665
0.070405596
0.47950752
-0.52758283
-0.6935817
0.21219401
-1.1271045
0.49147389
-0.29642308
-0.022550363
-0.91610166
-0.23175885
-0.030079771
-0.60151529
0.47458699
-0.51730652
0.44479671
-0.54774674
0.18703668
0.64871981
0.42658504
1.3621874
0.040845349
-0.8109929
0.8628448
0.58345929
1.3254886
-0.41353936
-0.24637907
0.23233927
-0.70911813
-0.25146255
-0.58464764
-0.73027178
2.1328828
-0.32508746
-0.26777471
-0.014361876
0.50062067
-0.42372929
-0.72885359
1.7511331
0.83390439
-1.2694016
1.5715488
